10 4.12311
100 10.8167
200 16.7631
300 19.6977
400 21.5407
500 25.2982
600 26.4764
700 28.0179
800 28.4605
900 31.0644
1000 33.1361
1100 34.2345
1200 36.1248
1300 37.2156
1400 38.3275
1500 39.2046
1600 41.5933
1700 43.566
1800 44.911
1900 45.7056
2000 47.5184
2100 48.5077
2200 50.2195
2300 52.3927
2400 52.3927
2500 56.0892
2600 58.2495
2700 59.439
2800 60.4152
2900 62.1691
3000 65.1153
3100 65.5134
3200 66.7083
3300 67.2681
3400 69.0507
3500 70.0357
3600 71.4493
3700 72.2772
3800 72.5603
3900 73.2462
4000 74.2159
4100 75.4255
4200 75.6902
4300 76.6551
4400 77.5242
4500 78.848
4600 79.0569
4700 80.7775
4800 81.7435
4900 81.7435
5000 82.7103
